1000000001
1000000002
1000000003
1000000004
1000000005
1000000006
1000000007
1000000008
1000000009
1000000010
1000000011
1000000012
1000000013
1000000014
1000000016
1000000017
1000000018
1000000019
1000000020
1000000021
1000000024
1000000025
1000000026
1000000027
1000000028
1000000029
1000000030
1000000031
1000000032
1000000033
1000000034
1000000035
1000000036
1000000037
1000000038
1000000039
1000000040
1000000041
1000000042
1000000043
1000000044
1000000045
1000000046
1000000047
1000000048
1000000049
1000000050
1000000051
1000000052
1000000053
1000000054
1000000055
1000000056
1000000057
1000000058
1000000059
1000000060
1000000061
1000000063
1000000064
1000000065
1000000066
1000000067
1000000068
1000000069
1000000070
1000000071
1000000072
1000000073
1000000074
1000000075
1000000076
1000000077
1000000078
1000000079
1000000080
1000000081
1000000082
1000000083
1000000084
1000000085
1000000086
1000000087
1000000089
1000000090
1000000091
1000000092
1000000093
1000000094
1000000095
1000000096
1000000097
1000000098
1000000099
1000000100
1000000101
1000000102
1000000103
1000000104
1000000106
1000000107
1000000108
1000000109
1000000110
1000000111
1000000112
1000000113
1000000114
1000000115
1000000116
1000000117
1000000118
1000000119
1000000120
1000000121
1000000122
1000000125
1000000126
1000000127
1000000128
1000000129
1000000130
1000000134
1000000135
1000000137
1000000138
1000000140
1000000141
1000000142
1000000143
1000000144
1000000145
1000000146
1000000147
1000000149
1000000150
1000000151
1000000154
1000000155
1000000157
1000000158
1000000159
1000000160
1000000161
1000000162
1000000165
1000000167
1000000168
1000000170
1000000171
1000000172
1000000173
1000000174
1000000175
1000000176
1000000177
1000000178
1000000179
1000000180
1000000181
1000000182
1000000183
1000000186
1000000187
1000000188
1000000189
1000000191
1000000192
1000000193
1000000194
1000000195
1000000196
1000000197
1000000198
1000000199
1000000200
1000000202
1000000203
1000000204
1000000206
1000000207
1000000209
1000000210
1000000211
1000000213
1000000214
1000000217
1000000220
1000000223
1000000224
1000000225
1000000226
1000000228
1000000229
1000000230
1000000231
1000000232
1000000236
1000000241
1000000244
1000000245
1000000247
1000000248
1000000249
1000000251
1000000252
1000000257
1000000258
1000000259
1000000260
1000000262
1000000264
1000000267
1000000270
1000000273
1000000275
1000000276
1000000279
1000000280
1000000284
1000000285
1000000286
1000000287
1000000291
1000000292
1000000293
1000000296
1000000299
1000000302
1000000309
1000000312
1000000317
1000000318
1000000321
1000000322
1000000323
1000000324
1000000325
1000000326
1000000327
1000000328
1000000330
1000000331
1000000332
1000000334
1000000335
1000000338
1000000340
1000000346
1000000354
1000000356
1000000360
1000000363
1000000365
1000000367
1000000369
1000000372
1000000375
1000000376
1000000377
1000000385
1000000386
1000000389
1000000392
1000000394
1000000395
1000000396
1000000399
1000000403
1000000405
1000000408
1000000410
1000000417
1000000425
1000000428
1000000431
1000000434
1000000437
1000000438
1000000446
1000000454
1000000455
1000000461
1000000462
1000000468
1000000470
1000000475
1000000479
1000000480
1000000481
1000000482
1000000485
1000000489
1000000495
1000000496
1000000500
1000000508
1000000511
1000000526
1000000529
1000000530
1000000536
1000000564
1000000570
1000000582
1000000583
1000000601
1000000612
1100000001
1100000002
1100000004
1100000005
1100000007
1100000008
1100000009
1100000010
1100000011
1100000012
1100000013
1100000014
1100000015
1100000016
1100000017
1100000018
1100000019
1100000020
1100000021
1100000022
1100000023
1100000024
1100000025
1100000026
1100000027
1100000028
1100000029
1100000030
1100000031
1100000032
1100000033
1100000034
1100000035
1100000036
1100000037
1100000038
1100000039
1100000040
1100000041
1100000042
1100000043
1100000044
1100000045
1100000046
1100000047
1100000048
1100000049
1100000050
1100000051
1100000052
1100000053
1100000054
1100000055
1100000056
1100000057
1100000058
1100000059
1100000060
1100000061
1100000062
1100000063
1100000064
1100000065
1100000066
1100000067
1100000068
1100000069
1100000070
1100000071
1100000072
1100000073
1100000074
1100000075
1100000076
1100000077
1100000078
1100000079
1100000080
1100000081
1100000082
1100000083
1100000084
1100000085
1100000086
1100000087
1100000088
1100000089
1100000090
1100000091
1100000092
1100000093
1100000094
1100000095
1100000096
1100000097
1100000099
1100000100
1100000101
1100000102
1100000103
1100000104
1100000105
1100000106
1100000107
1100000108
1100000111
1100000112
1100000113
1100000114
1100000116
1100000117
1100000118
1100000119
1100000121
1200000038
1200000050
1200000051
1200000063
1200000065
1200000114
1200000620
1200000901
1200001064
1200001288
1200001443
1200001921
1200002085
1200002289
1200002614
1200002769
1200002936
1200003550
1200003578
1200003896
1200003914
1200004046
1200005767
1200007196
1300000001
1300000002
1300000003
1300000004
1300000005
1300000006
1300000007
1300000008
1300000009
1300000010
1300000011
1300000012
1300000013
1300000014
1300000015
1300000016
1300000017
1300000018
1300000022
1300000026
1400000001
1400000002
1400000003
1400000004
1400000005
1400000007
1400000008
1400000009
1400000010
1400000014
1400000015
1400000016
1400000017
1400000018
1400000019
1400000020
1400000021
1400000022
1400000023
1400000024
1400000025
1400000026
1400000027
1400000028
1400000029
1400000030
1400000031
1400000032
1400000034
1400000036
1400000040
1400000042
1400000044
1400000045
1400000046
1400000047
1400000048
1400000050
1400000051
1400000053
1400000054
1400000055
1400000059
1400000060
1400000061
1400000062
1400000065
1400000070
1400000072
1400000075
1400000076
1400000077
1400000078
1400000081
1400000083
1500000001
1500000002
1500000004
1500000005
1500000007
1500000008
1500000009
1500000010
1500000011
1500000012
1500000013
1500000014
1500000015
1500000016
1500000017
1500000018
1500000020
1500000021
1500000022
1500000025
1500000027
1500000029
1500000032
1500000034
1500000035
1600000001
1600000002
1600000003
1600000004
1600000005
1600000006
1600000008
1600000009
1600000010
1600000011
1600000012
1600000013
1600000014
1600000015
1600000016
1600000017
1600000018
1600000019
1600000020
1600000021
1600000022
1600000024
1600000025
1600000026
1600000027
1600000028
1600000029
1600000030
1600000032
1600000033
1600000034
1600000035
1600000036
1600000038
1600000040
1700000001
1700000003
1700000004
1700000005
1700000007
1700000008
1700000009
1700000010
1700000012
1700000018
1700000019
1700000020
1700000023
1700000025
1700000027
1700000030
1700000031
1700000032
1700000033
1700000034
1700000039
1700000040
1700000041
1700000042
1700000044
2000000001
2000000002
2000000003
2000000004
2000000005
2000000006
2000000007
2000000008
2000000010
2000000011
2000000012
2000000016
2000000017
2000000020
2000000028
2000000033
2000000039
2000000043
2000000045
2000000046
2000000048
2000000049
2000000050
2000000051
2000000052
2000000054
2000000058
2000000062
2000000063
2000000065
2000000066
2000000067
2000000075
2000000076
2000000077
2000000078
2000000080
2000000085
2000000088
2000000092
2000000093
2000000095
2000000096
2000000098
2000000106
2000000141
2000000148
2000000155
2000000172
2000000177
2000000187
2000000207
2000000306
2000000322
2000000344
2000000345
2000000400
2000000401
2000000440
3001000002
3001000003
3001000004
3001000005
3001000007
3004000001
3005000001
3005000002
3009000001
3009000002
3009000003
3009000004
3009000005
3009000006
3009000007
3009000008
3009000009
3009000010
3009000014
3009000015
3009000016
3013000001
3013000002
3014000001
4000000001
4000000002
4000000003
4000000004
4000000005
4000000006
4000000007
4000000008
4000000010
4000000012
4000000013
4000000014
4000000015
4000000021
4000000022
4000000023
4000000024
4000000025
4000000027
4000000031
4000000033
4000000037
4100000001
4100000002
4100000003
4100000004
4100000005
4100000006
4100000007
4100000008
4100000009
4100000010
4100000011
4100000012
4100000013
4100000014
4100000015
4100000016
4100000017
4100000019
4100000020
4100000021
4100000022
4100000023
4100000024
4100000025
4100000026
4100000027
4100000028
4100000029
4100000030
4100000031
4100000032
4100000033
4100000034
4100000035
4100000036
4100000037
4100000038
4100000039
4100000040
4100000041
4100000043
4100000044
4100000045
4100000046
4100000047
4100000048
4100000049
4100000050
4100000051
4100000052
4100000053
4100000054
4100000055
4100000056
4100000057
4100000058
4100000059
4100000060
4100000061
4100000062
4100000063
4100000064
4100000065
4100000066
4100000067
4100000068
4100000069
4100000070
4100000071
4100000072
4100000073
4100000074
4100000075
4100000076
4100000077
4100000078
4100000079
4100000080
4100000081
4100000082
4100000083
4100000084
4100000085
4100000086
4100000087
4100000088
4100000089
4100000090
4100000092
4100000093
4100000094
4100000095
4100000096
4100000097
4100000098
4100000099
4100000100
4100000101
4100000102
4100000104
4100000105
4100000106
4100000107
4100000108
4100000109
4100000110
4100000111
4100000112
4100000113
4100000114
4100000115
4100000116
4100000117
4100000118
4100000120
4100000121
4100000122
4100000123
4100000125
4100000126
4100000131
4100000137
5000000001
5000000002
5000000003
5000000007
5100000001
5100000003
5100000004
6001000001
6001000002
6001000003
6001000004
6001000005
6001000006
6001000007
6001000008
6001000009
6001000010
6001000011
6001000012
6001000013
6001000014
6001000015
6001000016
6001000017
6001000018
6001000019
6001000020
6001000021
6001000022
6001000023
6001000024
6001000025
6001000026
6001000027
6001000028
6001000029
6001000030
6001000031
6001000032
6001000033
6001000034
6001000035
6001000036
6001000037
6001000038
6001000039
6001000040
6001000041
6001000042
6001000043
6001000044
6001000045
6001000046
6001000047
6001000048
6001000049
6001000050
6001000051
6001000052
6001000053
6001000054
6001000055
6001000056
6001000057
6001000058
6001000059
6001000060
6001000061
6001000062
6001000063
6001000064
6001000065
6001000066
6001000067
6001000069
6001000070
6001000071
6001000072
6001000073
6001000074
6001000075
6001000076
6001000077
6001000078
6001000079
6001000080
6001000081
6001000082
6001000083
6001000084
6001000085
6001000086
6001000087
6001000088
6001000089
6001000090
6001000091
6001000092
6001000093
6001000094
6001000095
6001000096
6001000097
6001000098
6001000099
6001000100
6001000101
6001000102
6001000103
6001000104
6001000105
6001000106
6001000107
6001000108
6001000109
6001000110
6001000111
6001000114
6001000115
6001000116
6001000117
6001000118
6001000120
6001000121
6001000122
6001000123
6001000124
6001000125
6001000126
6001000127
6001000128
6001000130
6001000131
6001000132
6001000133
6001000134
6001000135
6001000136
6001000137
6001000138
6001000139
6001000140
6001000141
6001000142
6001000143
6001000144
6001000145
6001000146
6001000147
6001000148
6001000149
6001000150
6001000152
6001000153
6001000154
6001000156
6001000157
6001000158
6001000159
6001000160
6001000161
6001000162
6001000163
6001000164
6001000165
6001000166
6001000167
6001000168
6001000169
6001000170
6001000171
6001000172
6001000173
6001000174
6001000175
6001000176
6001000177
6001000178
6001000179
6001000180
6001000182
6001000183
6001000184
6001000185
6001000186
6001000187
6001000188
6001000189
6001000190
6001000191
6001000192
6001000193
6001000194
6001000195
6001000196
6001000197
6001000198
6001000199
6001000200
6001000201
6001000202
6001000203
6001000204
6001000205
6001000206
6001000207
6001000208
6001000209
6001000210
6001000211
6001000212
6001000213
6001000214
6001000215
6001000216
6001000217
6001000218
6001000219
6001000220
6001000221
6001000223
6001000224
6001000225
6001000226
6001000227
6001000228
6001000229
6001000230
6001000231
6001000232
6001000234
6001000235
6001000236
6001000237
6001000238
6001000239
6001000240
6001000241
6001000242
6001000243
6001000244
6001000245
6001000246
6001000247
6001000248
6001000249
6001000250
6001000251
6001000252
6001000253
6001000254
6001000255
6001000256
6001000257
6001000258
6001000259
6001000260
6001000261
6001000262
6001000263
6001000264
6001000265
6001000266
6001000267
6001000268
6001000269
6001000270
6001000271
6001000272
6001000273
6001000274
6001000275
6001000276
6001000277
6001000278
6001000279
6001000280
6001000282
6001000283
6001000284
6001000285
6001000286
6001000287
6001000288
6001000289
6001000290
6001000291
6001000292
6001000293
6001000294
6001000295
6001000296
6001000297
6001000298
6001000299
6001000300
6001000301
6001000302
6001000303
6001000304
6001000305
6001000306
6001000307
6001000308
6001000309
6001000310
6001000311
6001000312
6001000313
6001000314
6001000315
6001000316
6001000317
6001000318
6001000319
6001000320
6001000321
6001000322
6001000323
6001000324
6001000325
6001000326
6001000327
6001000328
6001000329
6001000330
6001000331
6001000332
6001000333
6001000334
6001000335
6001000336
6001000337
6001000338
6001000339
6001000340
6001000341
6001000342
6001000343
6001000344
6001000345
6001000346
6001000347
6001000348
6001000351
6001000353
6001000355
6001000359
6001000360
6001000361
6001000362
6001000363
6001000364
6001000365
6001000366
6001000367
6001000368
6001000369
6001000370
6001000371
6001000372
6001000373
6001000374
6001000375
6001000376
6001000377
6001000378
6001000379
6001000380
6001000381
6001000382
6001000383
6001000385
6001000386
6001000387
6001000388
6001000389
6001000391
6001000392
6001000393
6001000394
6001000395
6001000396
6001000397
6001000398
6001000399
6001000400
6001000401
6001000402
6001000403
6001000404
6001000405
6001000406
6001000407
6001000408
6001000409
6001000411
6001000412
6001000414
6001000415
6001000416
6001000417
6001000418
6001000419
6001000420
6001000421
6001000422
6001000423
6001000424
6001000425
6001000426
6001000427
6001000428
6001000429
6001000430
6001000431
6001000433
6001000434
6001000435
6001000436
6001000437
6001000438
6001000439
6001000440
6001000441
6001000442
6001000443
6001000444
6001000445
6001000446
6001000447
6001000448
6001000449
6001000450
6001000451
6001000452
6001000453
6001000454
6001000455
6001000456
6001000457
6001000458
6001000459
6001000460
6001000461
6001000464
6001000465
6001000466
6001000467
6001000468
6001000469
6001000470
6001000471
6001000472
6001000473
6001000474
6001000475
6001000476
6001000477
6001000478
6001000479
6001000481
6001000482
6001000483
6001000484
6001000485
6001000486
6001000488
6001000489
6001000490
6001000491
6001000492
6001000493
6001000495
6001000498
6001000499
6001000500
6001000501
6001000504
6001000505
6001000506
6001000507
6001000508
6001000509
6001000511
6001000512
6001000513
6001000516
6001000517
6001000519
6001000520
6001000521
6001000522
6001000524
6001000526
6001000528
6001000531
6001000532
6001000533
6001000534
6001000535
6001000536
6001000537
6001000539
6001000540
6001000541
6001000543
6001000544
6001000545
6001000546
6001000547
6001000548
6001000549
6001000550
6001000551
6001000552
6001000553
6001000554
6001000556
6001000558
6001000562
6001000565
6001000567
6001000568
6001000569
6001000571
6001000572
6001000573
6001000574
6001000579
6001000580
6001000582
6001000584
6001000588
6001000589
6001000594
6001000599
6001000601
6001000605
6001000610
6001000612
6001000613
6001000617
6001000622
6002000002
6002000008
6002000016
6002000018
6003000001
6003000002
6003000003
6003000004
6003000008
6004000001
6004000002
6004000004
6004000005
6004000006
6004000007
6004000008
6004000009
6004000010
6004000011
6004000012
6004000013
6004000015
6004000016
6004000017
6004000018
6004000019
6004000020
6004000021
6004000022
6004000023
6004000024
6004000025
6004000026
6004000027
6004000028
6004000029
6004000030
6004000031
6004000032
6004000033
6004000034
6004000035
6004000036
6004000037
6004000038
6004000039
6004000040
6004000041
6004000042
6004000043
6004000044
6004000045
6004000046
6004000047
6004000048
6004000050
6004000051
6004000052
6004000053
6004000054
6004000056
6004000057
6004000059
6004000060
6006000001
6006000003
6006000004
6006000005
6006000006
6006000007
6006000008
6006000009
6006000010
6006000011
6006000012
6006000013
6006000014
6006000015
6006000016
6006000017
6006000018
6006000019
6006000020
6006000021
6006000022
6008000001
6008000060
6009000001
6009000002
6009000003
6009000004
6009000005
6009000006
6009000007
6009000008
6009000009
6009000010
6009000011
6009000012
6009000013
6009000014
6009000015
6010000002
6010000014
6012000001
6012000002
6014000001
6014000002
6014000003
6014000004
6015000001
6015000002
6015000003
6015000005
6015000006
6015000008
6015000010
6015000011
6015000012
6015000013
6015000014
6015000015
6015000016
6015000017
6015000018
6015000019
6015000020
6015000021
6015000023
6015000024
6015000025
6015000026
6015000027
6015000028
6015000032
6015000033
6015000034
6015000035
6016000001
6016000002
6016000003
6016000004
6016000005
6016000006
6020100054
6020100055
6020100104
6020100107
6020100205
6020100286
6020100298
6022000001
6022000002
6022000003
6022000004
6022000005
6022000007
6022000008
6022000009
6022000010
6022000012
6022000013
6022000014
6022000015
6022000016
6022000017
6022000018
6022000019
6022000021
6022000022
6022000023
6022000025
6022000027
6022000028
6022000029
6022000030
6022000031
6022000035
6022000037
6022000038
6022000039
6022000040
6022000041
6022000042
6022000043
6022000044
6022000045
6022000046
6022000047
6022000048
6022000049
6023000002
6023000003
6023000004
6023000005
6023000006
6023000007
6023000008
6023000009
6023000010
6023000011
6023000012
6023000013
6023000014
6023000015
6023000016
6023000017
6023000018
6023000019
6023000020
6023000021
6023000022
6023000023
6023000026
6023000027
6023000028
6023000029
6023000030
6023000031
6023000032
6023000033
6023000034
6023000035
6023000036
6023000037
6023000038
6023000039
6023000040
6023000042
6023000044
6023000045
6023000046
6023000047
6023000048
6023000049
6100000001
6100000002
6100000003
6100000004
6100000005
6100000006
6100000008
6100000009
6100000010
6100000011
6100000012
6100000013
6100000014
6100000015
6100000016
6100000017
6100000018
6100000019
6100000020
6100000021
6100000022
6100000023
6100000024
6100000025
6100000026
6100000027
6100000028
6100000029
6100000030
6100000034
6100000035
6100000036
6100000037
6100000038
6100000039
6100000040
6100000041
6100000042
6100000043
6100000044
6100000045
6100000046
6100000047
6100000048
6100000049
6100000050
6100000051
6100000052
6100000053
6100000054
6100000055
6100000056
6100000057
6100000058
6100000059
6100000060
6100000061
6100000062
6100000063
6100000064
6100000065
6100000066
6100000067
6100000068
6100000069
6100000070
6100000071
6100000072
6100000074
6100000075
6100000076
6100000077
6100000078
6100000079
6100000080
6100000081
6100000082
6100000083
6100000084
6100000085
6100000088
6100000092
6100000097
6100000105
6100000108
7000000001
7000000002
7000000003
7000000004
7000000006
7000000007
7000000008